position,MN908947.3,EPI_ISL_1544014,EPI_ISL_2695467,EPI_ISL_2693246,EPI_ISL_1544014_variant,EPI_ISL_2695467_variant,EPI_ISL_2693246_variant,mutation,guides
100,C,C,C,-,FALSE,FALSE,TRUE,1,
101,G,G,G,-,FALSE,FALSE,TRUE,1,
102,G,G,G,-,FALSE,FALSE,TRUE,1,
103,C,C,C,-,FALSE,FALSE,TRUE,1,
104,T,T,T,-,FALSE,FALSE,TRUE,1,
105,G,G,G,-,FALSE,FALSE,TRUE,1,
106,C,C,C,-,FALSE,FALSE,TRUE,1,
107,A,A,A,-,FALSE,FALSE,TRUE,1,
108,T,T,T,-,FALSE,FALSE,TRUE,1,
109,G,G,G,-,FALSE,FALSE,TRUE,1,
110,C,C,C,-,FALSE,FALSE,TRUE,1,
111,T,T,T,-,FALSE,FALSE,TRUE,1,
112,T,T,T,-,FALSE,FALSE,TRUE,1,
113,A,A,A,-,FALSE,FALSE,TRUE,1,
114,G,G,G,-,FALSE,FALSE,TRUE,1,
115,T,T,T,-,FALSE,FALSE,TRUE,1,
116,G,G,G,-,FALSE,FALSE,TRUE,1,
117,C,C,C,-,FALSE,FALSE,TRUE,1,
118,A,A,A,-,FALSE,FALSE,TRUE,1,
119,C,C,C,-,FALSE,FALSE,TRUE,1,
120,T,T,T,-,FALSE,FALSE,TRUE,1,
121,C,C,C,-,FALSE,FALSE,TRUE,1,
122,A,A,A,-,FALSE,FALSE,TRUE,1,
123,C,C,C,-,FALSE,FALSE,TRUE,1,
124,G,G,G,-,FALSE,FALSE,TRUE,1,
125,C,C,C,-,FALSE,FALSE,TRUE,1,
126,A,A,A,-,FALSE,FALSE,TRUE,1,
127,G,G,G,-,FALSE,FALSE,TRUE,1,
128,T,T,T,-,FALSE,FALSE,TRUE,1,
129,A,A,A,-,FALSE,FALSE,TRUE,1,
130,T,T,T,-,FALSE,FALSE,TRUE,1,
131,A,A,A,-,FALSE,FALSE,TRUE,1,
132,A,A,A,-,FALSE,FALSE,TRUE,1,
133,T,T,T,-,FALSE,FALSE,TRUE,1,
134,T,T,T,-,FALSE,FALSE,TRUE,1,
135,A,A,A,-,FALSE,FALSE,TRUE,1,
136,A,A,A,-,FALSE,FALSE,TRUE,1,
137,T,T,T,-,FALSE,FALSE,TRUE,1,
138,A,A,A,-,FALSE,FALSE,TRUE,1,
139,A,A,A,-,FALSE,FALSE,TRUE,1,
140,C,C,C,-,FALSE,FALSE,TRUE,1,
141,T,T,T,-,FALSE,FALSE,TRUE,1,
142,A,A,A,-,FALSE,FALSE,TRUE,1,
143,A,A,A,-,FALSE,FALSE,TRUE,1,
144,T,T,T,-,FALSE,FALSE,TRUE,1,
145,T,T,T,-,FALSE,FALSE,TRUE,1,
146,A,A,A,-,FALSE,FALSE,TRUE,1,
147,C,C,C,-,FALSE,FALSE,TRUE,1,
148,T,T,T,-,FALSE,FALSE,TRUE,1,
149,G,G,G,-,FALSE,FALSE,TRUE,1,
150,T,T,T,-,FALSE,FALSE,TRUE,1,
151,C,C,C,-,FALSE,FALSE,TRUE,1,
152,G,G,G,-,FALSE,FALSE,TRUE,1,
153,T,T,T,-,FALSE,FALSE,TRUE,1,
154,T,T,T,-,FALSE,FALSE,TRUE,1,
155,G,G,G,-,FALSE,FALSE,TRUE,1,
156,A,A,A,-,FALSE,FALSE,TRUE,1,
157,C,C,C,-,FALSE,FALSE,TRUE,1,
158,A,A,A,-,FALSE,FALSE,TRUE,1,
159,G,G,G,-,FALSE,FALSE,TRUE,1,
160,G,G,G,-,FALSE,FALSE,TRUE,1,
161,A,A,A,-,FALSE,FALSE,TRUE,1,
162,C,C,C,-,FALSE,FALSE,TRUE,1,
163,A,A,A,-,FALSE,FALSE,TRUE,1,
164,C,C,C,-,FALSE,FALSE,TRUE,1,
165,G,G,G,-,FALSE,FALSE,TRUE,1,
166,A,A,A,-,FALSE,FALSE,TRUE,1,
167,G,G,G,-,FALSE,FALSE,TRUE,1,
168,T,T,T,-,FALSE,FALSE,TRUE,1,
169,A,A,A,-,FALSE,FALSE,TRUE,1,
170,A,A,A,-,FALSE,FALSE,TRUE,1,
171,C,C,C,-,FALSE,FALSE,TRUE,1,
172,T,T,T,-,FALSE,FALSE,TRUE,1,NCR_1353
173,C,C,C,-,FALSE,FALSE,TRUE,1,NCR_1353
174,G,G,G,-,FALSE,FALSE,TRUE,1,NCR_1353
175,T,T,T,-,FALSE,FALSE,TRUE,1,NCR_1353
176,C,C,C,-,FALSE,FALSE,TRUE,1,NCR_1353
177,T,T,T,-,FALSE,FALSE,TRUE,1,NCR_1353
178,A,A,A,-,FALSE,FALSE,TRUE,1,NCR_1353
179,T,T,T,-,FALSE,FALSE,TRUE,1,NCR_1353
180,C,C,C,-,FALSE,FALSE,TRUE,1,NCR_1353
181,T,T,T,-,FALSE,FALSE,TRUE,1,NCR_1353
182,T,T,T,-,FALSE,FALSE,TRUE,1,NCR_1353
183,C,C,C,-,FALSE,FALSE,TRUE,1,NCR_1353
184,T,T,T,-,FALSE,FALSE,TRUE,1,NCR_1353
185,G,G,G,-,FALSE,FALSE,TRUE,1,NCR_1353
186,C,C,C,-,FALSE,FALSE,TRUE,1,NCR_1353
187,A,A,A,-,FALSE,FALSE,TRUE,1,NCR_1353
188,G,G,G,-,FALSE,FALSE,TRUE,1,NCR_1353
189,G,G,G,-,FALSE,FALSE,TRUE,1,NCR_1353
190,C,C,C,-,FALSE,FALSE,TRUE,1,NCR_1353
191,T,T,T,-,FALSE,FALSE,TRUE,1,NCR_1353
192,G,G,G,-,FALSE,FALSE,TRUE,1,
193,C,C,C,-,FALSE,FALSE,TRUE,1,
194,T,T,T,-,FALSE,FALSE,TRUE,1,
195,T,T,T,-,FALSE,FALSE,TRUE,1,
196,A,A,A,-,FALSE,FALSE,TRUE,1,
197,C,C,C,-,FALSE,FALSE,TRUE,1,
198,G,G,G,-,FALSE,FALSE,TRUE,1,
199,G,G,G,-,FALSE,FALSE,TRUE,1,
200,T,T,T,-,FALSE,FALSE,TRUE,1,
201,T,T,T,-,FALSE,FALSE,TRUE,1,
210,G,T,T,T,TRUE,TRUE,TRUE,3,
241,C,T,T,T,TRUE,TRUE,TRUE,3,
1191,C,T,C,C,TRUE,FALSE,FALSE,1,
1267,C,T,C,C,TRUE,FALSE,FALSE,1,
2509,C,C,C,T,FALSE,FALSE,TRUE,1,NCR_1337
3037,C,T,T,T,TRUE,TRUE,TRUE,3,
3055,T,T,T,C,FALSE,FALSE,TRUE,1,
3701,G,G,G,A,FALSE,FALSE,TRUE,1,
4181,G,G,T,G,FALSE,TRUE,FALSE,1,
4832,C,C,C,T,FALSE,FALSE,TRUE,1,
5184,C,T,C,T,TRUE,FALSE,TRUE,2,
5584,A,A,A,G,FALSE,FALSE,TRUE,1,
6402,C,C,T,C,FALSE,TRUE,FALSE,1,
6539,C,-,C,C,TRUE,FALSE,FALSE,1,
7124,C,C,T,C,FALSE,TRUE,FALSE,1,
8986,C,C,T,C,FALSE,TRUE,FALSE,1,
9053,G,G,T,G,FALSE,TRUE,FALSE,1,
9438,C,C,T,C,FALSE,TRUE,FALSE,1,NCR_1368
9891,C,T,C,T,TRUE,FALSE,TRUE,2,
9988,C,C,T,C,FALSE,TRUE,FALSE,1,
10029,C,C,T,C,FALSE,TRUE,FALSE,1,
11201,A,A,G,A,FALSE,TRUE,FALSE,1,
11332,A,A,G,A,FALSE,TRUE,FALSE,1,
11418,T,C,T,C,TRUE,FALSE,TRUE,2,
11514,C,C,C,T,FALSE,FALSE,TRUE,1,
12946,T,C,T,T,TRUE,FALSE,FALSE,1,
13019,C,C,C,T,FALSE,FALSE,TRUE,1,
14408,C,T,T,T,TRUE,TRUE,TRUE,3,
14733,A,A,G,A,FALSE,TRUE,FALSE,1,
15451,G,A,A,A,TRUE,TRUE,TRUE,3,
15603,C,T,C,C,TRUE,FALSE,FALSE,1,
16466,C,T,T,T,TRUE,TRUE,TRUE,3,
17336,C,C,C,T,FALSE,FALSE,TRUE,1,
18486,C,-,C,C,TRUE,FALSE,FALSE,1,
18570,C,C,C,T,FALSE,FALSE,TRUE,1,
19220,C,C,T,C,FALSE,TRUE,FALSE,1,NCR_1384
19459,A,A,G,A,FALSE,TRUE,FALSE,1,
20262,A,G,A,A,TRUE,FALSE,FALSE,1,
20320,C,T,C,C,TRUE,FALSE,FALSE,1,
21618,C,G,G,G,TRUE,TRUE,TRUE,3,NCR_569
21770,G,G,G,T,FALSE,FALSE,TRUE,1,
21846,C,C,T,C,FALSE,TRUE,FALSE,1,
22029,A,-,-,-,TRUE,TRUE,TRUE,3,
22030,G,-,-,-,TRUE,TRUE,TRUE,3,
22031,T,-,-,-,TRUE,TRUE,TRUE,3,
22032,T,-,-,-,TRUE,TRUE,TRUE,3,
22033,C,-,-,-,TRUE,TRUE,TRUE,3,
22034,A,-,-,-,TRUE,TRUE,TRUE,3,
22227,C,C,C,T,FALSE,FALSE,TRUE,1,
22335,G,G,T,G,FALSE,TRUE,FALSE,1,
22813,G,G,T,T,FALSE,TRUE,TRUE,2,
22917,T,G,G,G,TRUE,TRUE,TRUE,3,
22995,C,A,A,A,TRUE,TRUE,TRUE,3,
23403,A,G,G,G,TRUE,TRUE,TRUE,3,
23604,C,G,G,G,TRUE,TRUE,TRUE,3,
24410,G,-,A,A,TRUE,TRUE,TRUE,3,
25469,C,T,T,T,TRUE,TRUE,TRUE,3,
25647,G,G,G,T,FALSE,FALSE,TRUE,1,
26591,A,A,G,A,FALSE,TRUE,FALSE,1,
26767,T,C,C,C,TRUE,TRUE,TRUE,3,
26985,C,-,C,C,TRUE,FALSE,FALSE,1,NCR_1335
27638,T,C,C,C,TRUE,TRUE,TRUE,3,
27739,C,T,C,C,TRUE,FALSE,FALSE,1,
27752,C,T,T,T,TRUE,TRUE,TRUE,3,
27874,C,C,T,C,FALSE,TRUE,FALSE,1,
27916,G,T,G,G,TRUE,FALSE,FALSE,1,NCR_596
28248,G,-,-,-,TRUE,TRUE,TRUE,3,
28249,A,-,-,-,TRUE,TRUE,TRUE,3,
28250,T,-,-,-,TRUE,TRUE,TRUE,3,
28251,T,-,-,-,TRUE,TRUE,TRUE,3,
28252,T,-,-,-,TRUE,TRUE,TRUE,3,
28253,C,-,-,-,TRUE,TRUE,TRUE,3,
28274,A,-,-,A,TRUE,TRUE,FALSE,2,
28461,A,A,G,G,FALSE,TRUE,TRUE,2,
28881,G,T,T,T,TRUE,TRUE,TRUE,3,NCR_609
28916,G,G,T,G,FALSE,TRUE,FALSE,1,NCR_1312|NCR_1399
29402,G,T,T,T,TRUE,TRUE,TRUE,3,
29427,G,A,G,G,TRUE,FALSE,FALSE,1,
29742,G,T,T,-,TRUE,TRUE,TRUE,3,
29743,C,C,C,-,FALSE,FALSE,TRUE,1,
29744,G,G,G,-,FALSE,FALSE,TRUE,1,
29745,G,G,G,-,FALSE,FALSE,TRUE,1,
29746,A,A,A,-,FALSE,FALSE,TRUE,1,
29747,G,G,G,-,FALSE,FALSE,TRUE,1,
29748,T,T,T,-,FALSE,FALSE,TRUE,1,
29749,A,A,A,-,FALSE,FALSE,TRUE,1,
29750,C,C,C,-,FALSE,FALSE,TRUE,1,
29751,G,G,G,-,FALSE,FALSE,TRUE,1,
29752,A,A,A,-,FALSE,FALSE,TRUE,1,
29753,T,T,T,-,FALSE,FALSE,TRUE,1,
29754,C,C,C,-,FALSE,FALSE,TRUE,1,
29755,G,G,G,-,FALSE,FALSE,TRUE,1,
29756,A,A,A,-,FALSE,FALSE,TRUE,1,
29757,G,G,G,-,FALSE,FALSE,TRUE,1,
29758,T,T,T,-,FALSE,FALSE,TRUE,1,
29759,G,G,G,-,FALSE,FALSE,TRUE,1,
29760,T,T,T,-,FALSE,FALSE,TRUE,1,
29761,A,A,A,-,FALSE,FALSE,TRUE,1,
29762,C,C,C,-,FALSE,FALSE,TRUE,1,
29763,A,A,A,-,FALSE,FALSE,TRUE,1,
29764,G,G,G,-,FALSE,FALSE,TRUE,1,
29765,T,T,T,-,FALSE,FALSE,TRUE,1,
29766,G,G,G,-,FALSE,FALSE,TRUE,1,
29767,A,A,A,-,FALSE,FALSE,TRUE,1,
29768,A,A,A,-,FALSE,FALSE,TRUE,1,
29769,C,C,C,-,FALSE,FALSE,TRUE,1,
29770,A,A,A,-,FALSE,FALSE,TRUE,1,
29771,A,A,A,-,FALSE,FALSE,TRUE,1,
29772,T,T,T,-,FALSE,FALSE,TRUE,1,
29773,G,G,G,-,FALSE,FALSE,TRUE,1,
29774,C,C,C,-,FALSE,FALSE,TRUE,1,
29775,T,T,T,-,FALSE,FALSE,TRUE,1,
29776,A,A,A,-,FALSE,FALSE,TRUE,1,
29777,G,G,G,-,FALSE,FALSE,TRUE,1,
29778,G,G,G,-,FALSE,FALSE,TRUE,1,
29779,G,G,G,-,FALSE,FALSE,TRUE,1,
29780,A,A,A,-,FALSE,FALSE,TRUE,1,
29781,G,G,G,-,FALSE,FALSE,TRUE,1,
29782,A,A,A,-,FALSE,FALSE,TRUE,1,
29783,G,G,G,-,FALSE,FALSE,TRUE,1,
29784,C,C,C,-,FALSE,FALSE,TRUE,1,
29785,T,T,T,-,FALSE,FALSE,TRUE,1,
29786,G,G,G,-,FALSE,FALSE,TRUE,1,
29787,C,C,C,-,FALSE,FALSE,TRUE,1,
29788,C,C,C,-,FALSE,FALSE,TRUE,1,
29789,T,T,T,-,FALSE,FALSE,TRUE,1,
29790,A,A,A,-,FALSE,FALSE,TRUE,1,
29791,T,T,T,-,FALSE,FALSE,TRUE,1,
29792,A,A,A,-,FALSE,FALSE,TRUE,1,
29793,T,T,T,-,FALSE,FALSE,TRUE,1,
29794,G,G,G,-,FALSE,FALSE,TRUE,1,
29795,G,G,G,-,FALSE,FALSE,TRUE,1,
29796,A,A,A,-,FALSE,FALSE,TRUE,1,
29797,A,A,A,-,FALSE,FALSE,TRUE,1,
29798,G,G,G,-,FALSE,FALSE,TRUE,1,
29799,A,A,A,-,FALSE,FALSE,TRUE,1,
29800,G,G,G,-,FALSE,FALSE,TRUE,1,
29801,C,C,C,-,FALSE,FALSE,TRUE,1,
29802,C,C,C,-,FALSE,FALSE,TRUE,1,
29803,C,C,C,-,FALSE,FALSE,TRUE,1,
